171
147
263
36
188
43
139
218
315
38
320
92
280
134
309
161
290
137
30
55
308
116
66
117
166
240
11
89
251
24
65
348
185
286
352
124
312
112
321
302
275
318
135
238
289
17
324
265
337
2
350
157
193
34
151
345
108
343
68
327
358
115
1
93
236
44
179
190
357
167
98
144
334
249
356
54
200
195
250
359
311
126
153
241
279
152
209
203
351
143
259
86
20
316
268
269
332
340
335
105
215
90
91
81
237
57
287
15
338
136
245
231
277
173
326
58
227
210
293
5
45
272
9
257
163
165
114
28
133
97
264
233
213
154
176
319
123
260
197
164
224
122
113
198
194
248
300
69
339
301
243
78
16
95
63
276
202
107
267
313
29
125
14
141
342
99
211
170
132
183
283
53
219
101
172
88
270
328
120
0
104
177
64
87
220
79
181
149
83
317
106
129
256
322
73
51
31
96
150
131
26
354
100
159
189
253
261
127
67
295
229
314
284
307
247
77
33
305
222
201
155
121
304
310
214
180
242
344
244
25
331
102
52
262
323
299
212
175
208
226
72
84
274
70
37
341
199
303
130
23
258
19
196
192
169
145
239
60
333
10
6
162
347
59
142
35
329
39
225
42
246
32
232
252
285
278
146
336
75
103
50
355
281
168
111
47
296
156
71
206
306
74
346
174
85
13
49
138
216
186
22
288
298
8
128
182
41
223
273
80
297
187
56
228
221
294
18
118
204
12
349
7
40
109
282
4
148
291
271
178
140
119
48
254
330
235
46
110
205
217
61
191
234
184
158
325
21
230
27
62
76
82
292
266
94
353
255
3
207
160
